00000001 00000000
00000010 00000000
00000011 00000000
00000100 00000000
00000101 00000000
00000110 00000000
00000111 00000000
00001000 00000000
00001001 00000000
00001010 00000000
00001011 00000000
00001100 00000000
00001101 00000000
00001110 00000000
00001111 00000000
00010001 00000001
00010010 00010000
00010011 00010000
00010100 00010000
00010101 00010000
00010110 00010000
00010111 00010000
00011000 00010000
00011001 00010000
00011010 00010000
00011011 00010000
00011100 00010000
00011101 00010000
00011110 00010000
00011111 00010000
00100001 00000010
00100010 00000001
00100011 00100000
00100100 00100000
00100101 00100000
00100110 00100000
00100111 00100000
00101000 00100000
00101001 00100000
00101010 00100000
00101011 00100000
00101100 00100000
00101101 00100000
00101110 00100000
00101111 00100000
00110001 00000011
00110010 00010001
00110011 00000001
00110100 00110000
00110101 00110000
00110110 00110000
00110111 00110000
00111000 00110000
00111001 00110000
00111010 00110000
00111011 00110000
00111100 00110000
00111101 00110000
00111110 00110000
00111111 00110000
01000001 00000100
01000010 00000010
01000011 00010001
01000100 00000001
01000101 01000000
01000110 01000000
01000111 01000000
01001000 01000000
01001001 01000000
01001010 01000000
01001011 01000000
01001100 01000000
01001101 01000000
01001110 01000000
01001111 01000000
01010001 00000101
01010010 00010010
01010011 00100001
01010100 00010001
01010101 00000001
01010110 01010000
01010111 01010000
01011000 01010000
01011001 01010000
01011010 01010000
01011011 01010000
01011100 01010000
01011101 01010000
01011110 01010000
01011111 01010000
01100001 00000110
01100010 00000011
01100011 00000010
01100100 00100001
01100101 00010001
01100110 00000001
01100111 01100000
01101000 01100000
01101001 01100000
01101010 01100000
01101011 01100000
01101100 01100000
01101101 01100000
01101110 01100000
01101111 01100000
01110001 00000111
01110010 00010011
01110011 00010010
01110100 00110001
01110101 00100001
01110110 00010001
01110111 00000001
01111000 01110000
01111001 01110000
01111010 01110000
01111011 01110000
01111100 01110000
01111101 01110000
01111110 01110000
01111111 01110000
10000001 00001000
10000010 00000100
10000011 00100010
10000100 00000010
10000101 00110001
10000110 00100001
10000111 00010001
10001000 00000001
10001001 10000000
10001010 10000000
10001011 10000000
10001100 10000000
10001101 10000000
10001110 10000000
10001111 10000000
10010001 00001001
10010010 00010100
10010011 00000011
10010100 00010010
10010101 01000001
10010110 00110001
10010111 00100001
10011000 00010001
10011001 00000001
10011010 10010000
10011011 10010000
10011100 10010000
10011101 10010000
10011110 10010000
10011111 10010000
10100001 00001010
10100010 00000101
10100011 00010011
10100100 00100010
10100101 00000010
10100110 01000001
10100111 00110001
10101000 00100001
10101001 00010001
10101010 00000001
10101011 10100000
10101100 10100000
10101101 10100000
10101110 10100000
10101111 10100000
10110001 00001011
10110010 00010101
10110011 00100011
10110100 00110010
10110101 00010010
10110110 01010001
10110111 01000001
10111000 00110001
10111001 00100001
10111010 00010001
10111011 00000001
10111100 10110000
10111101 10110000
10111110 10110000
10111111 10110000
11000001 00001100
11000010 00000110
11000011 00000100
11000100 00000011
11000101 00100010
11000110 00000010
11000111 01010001
11001000 01000001
11001001 00110001
11001010 00100001
11001011 00010001
11001100 00000001
11001101 11000000
11001110 11000000
11001111 11000000
11010001 00001101
11010010 00010110
11010011 00010100
11010100 00010011
11010101 00110010
11010110 00010010
11010111 01100001
11011000 01010001
11011001 01000001
11011010 00110001
11011011 00100001
11011100 00010001
11011101 00000001
11011110 11010000
11011111 11010000
11100001 00001110
11100010 00000111
11100011 00100100
11100100 00100011
11100101 01000010
11100110 00100010
11100111 00000010
11101000 01100001
11101001 01010001
11101010 01000001
11101011 00110001
11101100 00100001
11101101 00010001
11101110 00000001
11101111 11100000
11110001 00001111
11110010 00010111
11110011 00000101
11110100 00110011
11110101 00000011
11110110 00110010
11110111 00010010
11111000 01110001
11111001 01100001
11111010 01010001
11111011 01000001
11111100 00110001
11111101 00100001
11111110 00010001
11111111 00000001
