00000000 00101001
00000001 00110000
00000010 00110001
00000011 00110010
00000100 00110011
00000101 00110100
00000110 00110101
00000111 00110110
00001000 00110111
00001001 00111000
00001010 00001111
00001011 00001111
00001100 00001111
00001101 00001111
00001110 00001111
00001111 00001111
00010000 00111001
00010001 01000000
00010010 01000001
00010011 01000010
00010100 01000011
00010101 01000100
00010110 01000101
00010111 01000110
00011000 01000111
00011001 01001000
00011010 00011111
00011011 00011111
00011100 00011111
00011101 00011111
00011110 00011111
00011111 00011111
00100000 01001001
00100001 01010000
00100010 01010001
00100011 01010010
00100100 01010011
00100101 01010100
00100110 01010101
00100111 01010110
00101000 01010111
00101001 01011000
00101010 00101111
00101011 00101111
00101100 00101111
00101101 00101111
00101110 00101111
00101111 00101111
00110000 01011001
00110001 01100000
00110010 01100001
00110011 01100010
00110100 01100011
00110101 01100100
00110110 01100101
00110111 01100110
00111000 01100111
00111001 01101000
00111010 00111111
00111011 00111111
00111100 00111111
00111101 00111111
00111110 00111111
00111111 00111111
01000000 01101001
01000001 01110000
01000010 01110001
01000011 01110010
01000100 01110011
01000101 01110100
01000110 01110101
01000111 01110110
01001000 01110111
01001001 01111000
01001010 01001111
01001011 01001111
01001100 01001111
01001101 01001111
01001110 01001111
01001111 01001111
01010000 01111001
01010001 10000000
01010010 10000001
01010011 10000010
01010100 10000011
01010101 10000100
01010110 10000101
01010111 10000110
01011000 10000111
01011001 10001000
01011010 01011111
01011011 01011111
01011100 01011111
01011101 01011111
01011110 01011111
01011111 01011111
01100000 10001001
01100001 10010000
01100010 10010001
01100011 10010010
01100100 10010011
01100101 10010100
01100110 10010101
01100111 10010110
01101000 10010111
01101001 10011000
01101010 01101111
01101011 01101111
01101100 01101111
01101101 01101111
01101110 01101111
01101111 01101111
01110000 10011001
01110001 00000000
01110010 00000001
01110011 00000010
01110100 00000011
01110101 00000100
01110110 00000101
01110111 00000110
01111000 00000111
01111001 00001000
01111010 01111111
01111011 01111111
01111100 01111111
01111101 01111111
01111110 01111111
01111111 01111111
10000000 00001001
10000001 00010000
10000010 00010001
10000011 00010010
10000100 00010011
10000101 00010100
10000110 00010101
10000111 00010110
10001000 00010111
10001001 00011000
10001010 10001111
10001011 10001111
10001100 10001111
10001101 10001111
10001110 10001111
10001111 10001111
10010000 00011001
10010001 00100000
10010010 00100001
10010011 00100010
10010100 00100011
10010101 00100100
10010110 00100101
10010111 00100110
10011000 00100111
10011001 00101000
10011010 10011111
10011011 10011111
10011100 10011111
10011101 10011111
10011110 10011111
10011111 10011111
10100000 11110000
10100001 11110001
10100010 11110010
10100011 11110011
10100100 11110100
10100101 11110101
10100110 11110110
10100111 11110111
10101000 11111000
10101001 11111001
10101010 11111111
10101011 11111111
10101100 11111111
10101101 11111111
10101110 11111111
10101111 11111111
10110000 11110000
10110001 11110001
10110010 11110010
10110011 11110011
10110100 11110100
10110101 11110101
10110110 11110110
10110111 11110111
10111000 11111000
10111001 11111001
10111010 11111111
10111011 11111111
10111100 11111111
10111101 11111111
10111110 11111111
10111111 11111111
11000000 11110000
11000001 11110001
11000010 11110010
11000011 11110011
11000100 11110100
11000101 11110101
11000110 11110110
11000111 11110111
11001000 11111000
11001001 11111001
11001010 11111111
11001011 11111111
11001100 11111111
11001101 11111111
11001110 11111111
11001111 11111111
11010000 11110000
11010001 11110001
11010010 11110010
11010011 11110011
11010100 11110100
11010101 11110101
11010110 11110110
11010111 11110111
11011000 11111000
11011001 11111001
11011010 11111111
11011011 11111111
11011100 11111111
11011101 11111111
11011110 11111111
11011111 11111111
11100000 11110000
11100001 11110001
11100010 11110010
11100011 11110011
11100100 11110100
11100101 11110101
11100110 11110110
11100111 11110111
11101000 11111000
11101001 11111001
11101010 11111111
11101011 11111111
11101100 11111111
11101101 11111111
11101110 11111111
11101111 11111111
11110000 11110000
11110001 11110001
11110010 11110010
11110011 11110011
11110100 11110100
11110101 11110101
11110110 11110110
11110111 11110111
11111000 11111000
11111001 11111001
11111010 11111111
11111011 11111111
11111100 11111111
11111101 11111111
11111110 11111111
11111111 11111111
