00000000 00101001 11111111
00000001 00110000 11111111
00000010 00110001 11111111
00000011 00110010 11111111
00000100 00110011 11111111
00000101 00110100 11111111
00000110 00110101 11111111
00000111 00110110 11111111
00001000 00110111 11111111
00001001 00111000 11111111
00001010 00001111 11111111
00001011 00001111 11111111
00001100 00001111 11111111
00001101 00001111 11111111
00001110 00001111 11111111
00001111 00001111 11111111
00010000 00111001 11111111
00010001 01000000 11111111
00010010 01000001 11111111
00010011 01000010 11111111
00010100 01000011 11111111
00010101 01000100 11111111
00010110 01000101 11111111
00010111 01000110 11111111
00011000 01000111 11111111
00011001 01001000 11111111
00011010 00011111 11111111
00011011 00011111 11111111
00011100 00011111 11111111
00011101 00011111 11111111
00011110 00011111 11111111
00011111 00011111 11111111
00100000 01001001 11111111
00100001 01010000 11111111
00100010 01010001 11111111
00100011 01010010 11111111
00100100 01010011 11111111
00100101 01010100 11111111
00100110 01010101 11111111
00100111 01010110 11111111
00101000 01010111 11111111
00101001 01011000 11111111
00101010 00101111 11111111
00101011 00101111 11111111
00101100 00101111 11111111
00101101 00101111 11111111
00101110 00101111 11111111
00101111 00101111 11111111
00110000 01011001 11111111
00110001 01100000 11111111
00110010 01100001 11111111
00110011 01100010 11111111
00110100 01100011 11111111
00110101 01100100 11111111
00110110 01100101 11111111
00110111 01100110 11111111
00111000 01100111 11111111
00111001 01101000 11111111
00111010 00111111 11111111
00111011 00111111 11111111
00111100 00111111 11111111
00111101 00111111 11111111
00111110 00111111 11111111
00111111 00111111 11111111
01000000 01101001 11111111
01000001 01110000 11111111
01000010 01110001 11111111
01000011 01110010 11111111
01000100 01110011 11111111
01000101 01110100 11111111
01000110 01110101 11111111
01000111 01110110 11111111
01001000 01110111 11111111
01001001 01111000 11111111
01001010 01001111 11111111
01001011 01001111 11111111
01001100 01001111 11111111
01001101 01001111 11111111
01001110 01001111 11111111
01001111 01001111 11111111
01010000 01111001 11111111
01010001 10000000 11111111
01010010 10000001 11111111
01010011 10000010 11111111
01010100 10000011 11111111
01010101 10000100 11111111
01010110 10000101 11111111
01010111 10000110 11111111
01011000 10000111 11111111
01011001 10001000 11111111
01011010 01011111 11111111
01011011 01011111 11111111
01011100 01011111 11111111
01011101 01011111 11111111
01011110 01011111 11111111
01011111 01011111 11111111
01100000 10001001 11111111
01100001 10010000 11111111
01100010 10010001 11111111
01100011 10010010 11111111
01100100 10010011 11111111
01100101 10010100 11111111
01100110 10010101 11111111
01100111 10010110 11111111
01101000 10010111 11111111
01101001 10011000 11111111
01101010 01101111 11111111
01101011 01101111 11111111
01101100 01101111 11111111
01101101 01101111 11111111
01101110 01101111 11111111
01101111 01101111 11111111
01110000 10011001 11111111
01110001 00000000 11111111
01110010 00000001 11111111
01110011 00000010 11111111
01110100 00000011 11111111
01110101 00000100 11111111
01110110 00000101 11111111
01110111 00000110 11111111
01111000 00000111 11111111
01111001 00001000 11111111
01111010 01111111 11111111
01111011 01111111 11111111
01111100 01111111 11111111
01111101 01111111 11111111
01111110 01111111 11111111
01111111 01111111 11111111
10000000 00001001 11111111
10000001 00010000 11111111
10000010 00010001 11111111
10000011 00010010 11111111
10000100 00010011 11111111
10000101 00010100 11111111
10000110 00010101 11111111
10000111 00010110 11111111
10001000 00010111 11111111
10001001 00011000 11111111
10001010 10001111 11111111
10001011 10001111 11111111
10001100 10001111 11111111
10001101 10001111 11111111
10001110 10001111 11111111
10001111 10001111 11111111
10010000 00011001 11111111
10010001 00100000 11111111
10010010 00100001 11111111
10010011 00100010 11111111
10010100 00100011 11111111
10010101 00100100 11111111
10010110 00100101 11111111
10010111 00100110 11111111
10011000 00100111 11111111
10011001 00101000 11111111
10011010 10011111 11111111
10011011 10011111 11111111
10011100 10011111 11111111
10011101 10011111 11111111
10011110 10011111 11111111
10011111 10011111 11111111
10100000 11110000 11111111
10100001 11110001 11111111
10100010 11110010 11111111
10100011 11110011 11111111
10100100 11110100 11111111
10100101 11110101 11111111
10100110 11110110 11111111
10100111 11110111 11111111
10101000 11111000 11111111
10101001 11111001 11111111
10101010 11111111 11111111
10101011 11111111 11111111
10101100 11111111 11111111
10101101 11111111 11111111
10101110 11111111 11111111
10101111 11111111 11111111
10110000 11110000 11111111
10110001 11110001 11111111
10110010 11110010 11111111
10110011 11110011 11111111
10110100 11110100 11111111
10110101 11110101 11111111
10110110 11110110 11111111
10110111 11110111 11111111
10111000 11111000 11111111
10111001 11111001 11111111
10111010 11111111 11111111
10111011 11111111 11111111
10111100 11111111 11111111
10111101 11111111 11111111
10111110 11111111 11111111
10111111 11111111 11111111
11000000 11110000 11111111
11000001 11110001 11111111
11000010 11110010 11111111
11000011 11110011 11111111
11000100 11110100 11111111
11000101 11110101 11111111
11000110 11110110 11111111
11000111 11110111 11111111
11001000 11111000 11111111
11001001 11111001 11111111
11001010 11111111 11111111
11001011 11111111 11111111
11001100 11111111 11111111
11001101 11111111 11111111
11001110 11111111 11111111
11001111 11111111 11111111
11010000 11110000 11111111
11010001 11110001 11111111
11010010 11110010 11111111
11010011 11110011 11111111
11010100 11110100 11111111
11010101 11110101 11111111
11010110 11110110 11111111
11010111 11110111 11111111
11011000 11111000 11111111
11011001 11111001 11111111
11011010 11111111 11111111
11011011 11111111 11111111
11011100 11111111 11111111
11011101 11111111 11111111
11011110 11111111 11111111
11011111 11111111 11111111
11100000 11110000 11111111
11100001 11110001 11111111
11100010 11110010 11111111
11100011 11110011 11111111
11100100 11110100 11111111
11100101 11110101 11111111
11100110 11110110 11111111
11100111 11110111 11111111
11101000 11111000 11111111
11101001 11111001 11111111
11101010 11111111 11111111
11101011 11111111 11111111
11101100 11111111 11111111
11101101 11111111 11111111
11101110 11111111 11111111
11101111 11111111 11111111
11110000 11110000 11111111
11110001 11110001 11111111
11110010 11110010 11111111
11110011 11110011 11111111
11110100 11110100 11111111
11110101 11110101 11111111
11110110 11110110 11111111
11110111 11110111 11111111
11111000 11111000 11111111
11111001 11111001 11111111
11111010 11111111 11111111
11111011 11111111 11111111
11111100 11111111 11111111
11111101 11111111 11111111
11111110 11111111 11111111
11111111 11111111 11111111
