000000000 00000000
000000001 00000001
000000010 00000010
000000011 00000011
000000100 00000100
000000101 00000101
000000110 00000110
000000111 00000111
000001000 00001000
000001001 00001001
000001010 00001010
000001011 00001011
000001100 00001100
000001101 00001101
000001110 00001110
000001111 00001111
000010000 00010000
000010001 00010001
000010010 00010010
000010011 00010011
000010100 00010100
000010101 00010101
000010110 00010110
000010111 00010111
000011000 00011000
000011001 00011001
000011010 00011010
000011011 00011011
000011100 00011100
000011101 00011101
000011110 00011110
000011111 00011111
000100000 00100000
000100001 00100001
000100010 00100010
000100011 00100011
000100100 00100100
000100101 00100101
000100110 00100110
000100111 00100111
000101000 00101000
000101001 00101001
000101010 00101010
000101011 00101011
000101100 00101100
000101101 00101101
000101110 00101110
000101111 00101111
000110000 00110000
000110001 00110001
000110010 00110010
000110011 00110011
000110100 00110100
000110101 00110101
000110110 00110110
000110111 00110111
000111000 00111000
000111001 00111001
000111010 00111010
000111011 00111011
000111100 00111100
000111101 00111101
000111110 00111110
000111111 00111111
001000000 01000000
001000001 01000001
001000010 01000010
001000011 01000011
001000100 01000100
001000101 01000101
001000110 01000110
001000111 01000111
001001000 01001000
001001001 01001001
001001010 01001010
001001011 01001011
001001100 01001100
001001101 01001101
001001110 01001110
001001111 01001111
001010000 01010000
001010001 01010001
001010010 01010010
001010011 01010011
001010100 01010100
001010101 01010101
001010110 01010110
001010111 01010111
001011000 01011000
001011001 01011001
001011010 01011010
001011011 01011011
001011100 01011100
001011101 01011101
001011110 01011110
001011111 01011111
001100000 01100000
001100001 01100001
001100010 01100010
001100011 01100011
001100100 01100100
001100101 01100101
001100110 01100110
001100111 01100111
001101000 01101000
001101001 01101001
001101010 01101010
001101011 01101011
001101100 01101100
001101101 01101101
001101110 01101110
001101111 01101111
001110000 01110000
001110001 01110001
001110010 01110010
001110011 01110011
001110100 01110100
001110101 01110101
001110110 01110110
001110111 01110111
001111000 01111000
001111001 01111001
001111010 01111010
001111011 01111011
001111100 01111100
001111101 01111101
001111110 01111110
001111111 01111111
010000000 10000000
010000001 10000001
010000010 10000010
010000011 10000011
010000100 10000100
010000101 10000101
010000110 10000110
010000111 10000111
010001000 10001000
010001001 10001001
010001010 10001010
010001011 10001011
010001100 10001100
010001101 10001101
010001110 10001110
010001111 10001111
010010000 10010000
010010001 10010001
010010010 10010010
010010011 10010011
010010100 10010100
010010101 10010101
010010110 10010110
010010111 10010111
010011000 10011000
010011001 10011001
010011010 10011010
010011011 10011011
010011100 10011100
010011101 10011101
010011110 10011110
010011111 10011111
010100000 10100000
010100001 10100001
010100010 10100010
010100011 10100011
010100100 10100100
010100101 10100101
010100110 10100110
010100111 10100111
010101000 10101000
010101001 10101001
010101010 10101010
010101011 10101011
010101100 10101100
010101101 10101101
010101110 10101110
010101111 10101111
010110000 10110000
010110001 10110001
010110010 10110010
010110011 10110011
010110100 10110100
010110101 10110101
010110110 10110110
010110111 10110111
010111000 10111000
010111001 10111001
010111010 10111010
010111011 10111011
010111100 10111100
010111101 10111101
010111110 10111110
010111111 10111111
011000000 11000000
011000001 11000001
011000010 11000010
011000011 11000011
011000100 11000100
011000101 11000101
011000110 11000110
011000111 11000111
011001000 11001000
011001001 11001001
011001010 11001010
011001011 11001011
011001100 11001100
011001101 11001101
011001110 11001110
011001111 11001111
011010000 11010000
011010001 11010001
011010010 11010010
011010011 11010011
011010100 11010100
011010101 11010101
011010110 11010110
011010111 11010111
011011000 11011000
011011001 11011001
011011010 11011010
011011011 11011011
011011100 11011100
011011101 11011101
011011110 11011110
011011111 11011111
011100000 11100000
011100001 11100001
011100010 11100010
011100011 11100011
011100100 11100100
011100101 11100101
011100110 11100110
011100111 11100111
011101000 11101000
011101001 11101001
011101010 11101010
011101011 11101011
011101100 11101100
011101101 11101101
011101110 11101110
011101111 11101111
011110000 11110000
011110001 11110001
011110010 11110010
011110011 11110011
011110100 11110100
011110101 11110101
011110110 11110110
011110111 11110111
011111000 11111000
011111001 11111001
011111010 11111010
011111011 11111011
011111100 11111100
011111101 11111101
011111110 11111110
011111111 11111111
100000000 00000000
100000001 00000000
100000010 00000001
100000011 00000001
100000100 00000010
100000101 00000010
100000110 00000011
100000111 00000011
100001000 00000100
100001001 00000100
100001010 00000101
100001011 00000101
100001100 00000110
100001101 00000110
100001110 00000111
100001111 00000111
100010000 00001000
100010001 00001000
100010010 00001001
100010011 00001001
100010100 00001010
100010101 00001010
100010110 00001011
100010111 00001011
100011000 00001100
100011001 00001100
100011010 00001101
100011011 00001101
100011100 00001110
100011101 00001110
100011110 00001111
100011111 00001111
100100000 00010000
100100001 00010000
100100010 00010001
100100011 00010001
100100100 00010010
100100101 00010010
100100110 00010011
100100111 00010011
100101000 00010100
100101001 00010100
100101010 00010101
100101011 00010101
100101100 00010110
100101101 00010110
100101110 00010111
100101111 00010111
100110000 00011000
100110001 00011000
100110010 00011001
100110011 00011001
100110100 00011010
100110101 00011010
100110110 00011011
100110111 00011011
100111000 00011100
100111001 00011100
100111010 00011101
100111011 00011101
100111100 00011110
100111101 00011110
100111110 00011111
100111111 00011111
101000000 00100000
101000001 00100000
101000010 00100001
101000011 00100001
101000100 00100010
101000101 00100010
101000110 00100011
101000111 00100011
101001000 00100100
101001001 00100100
101001010 00100101
101001011 00100101
101001100 00100110
101001101 00100110
101001110 00100111
101001111 00100111
101010000 00101000
101010001 00101000
101010010 00101001
101010011 00101001
101010100 00101010
101010101 00101010
101010110 00101011
101010111 00101011
101011000 00101100
101011001 00101100
101011010 00101101
101011011 00101101
101011100 00101110
101011101 00101110
101011110 00101111
101011111 00101111
101100000 00110000
101100001 00110000
101100010 00110001
101100011 00110001
101100100 00110010
101100101 00110010
101100110 00110011
101100111 00110011
101101000 00110100
101101001 00110100
101101010 00110101
101101011 00110101
101101100 00110110
101101101 00110110
101101110 00110111
101101111 00110111
101110000 00111000
101110001 00111000
101110010 00111001
101110011 00111001
101110100 00111010
101110101 00111010
101110110 00111011
101110111 00111011
101111000 00111100
101111001 00111100
101111010 00111101
101111011 00111101
101111100 00111110
101111101 00111110
101111110 00111111
101111111 00111111
110000000 11000000
110000001 11000000
110000010 11000001
110000011 11000001
110000100 11000010
110000101 11000010
110000110 11000011
110000111 11000011
110001000 11000100
110001001 11000100
110001010 11000101
110001011 11000101
110001100 11000110
110001101 11000110
110001110 11000111
110001111 11000111
110010000 11001000
110010001 11001000
110010010 11001001
110010011 11001001
110010100 11001010
110010101 11001010
110010110 11001011
110010111 11001011
110011000 11001100
110011001 11001100
110011010 11001101
110011011 11001101
110011100 11001110
110011101 11001110
110011110 11001111
110011111 11001111
110100000 11010000
110100001 11010000
110100010 11010001
110100011 11010001
110100100 11010010
110100101 11010010
110100110 11010011
110100111 11010011
110101000 11010100
110101001 11010100
110101010 11010101
110101011 11010101
110101100 11010110
110101101 11010110
110101110 11010111
110101111 11010111
110110000 11011000
110110001 11011000
110110010 11011001
110110011 11011001
110110100 11011010
110110101 11011010
110110110 11011011
110110111 11011011
110111000 11011100
110111001 11011100
110111010 11011101
110111011 11011101
110111100 11011110
110111101 11011110
110111110 11011111
110111111 11011111
111000000 11100000
111000001 11100000
111000010 11100001
111000011 11100001
111000100 11100010
111000101 11100010
111000110 11100011
111000111 11100011
111001000 11100100
111001001 11100100
111001010 11100101
111001011 11100101
111001100 11100110
111001101 11100110
111001110 11100111
111001111 11100111
111010000 11101000
111010001 11101000
111010010 11101001
111010011 11101001
111010100 11101010
111010101 11101010
111010110 11101011
111010111 11101011
111011000 11101100
111011001 11101100
111011010 11101101
111011011 11101101
111011100 11101110
111011101 11101110
111011110 11101111
111011111 11101111
111100000 11110000
111100001 11110000
111100010 11110001
111100011 11110001
111100100 11110010
111100101 11110010
111100110 11110011
111100111 11110011
111101000 11110100
111101001 11110100
111101010 11110101
111101011 11110101
111101100 11110110
111101101 11110110
111101110 11110111
111101111 11110111
111110000 11111000
111110001 11111000
111110010 11111001
111110011 11111001
111110100 11111010
111110101 11111010
111110110 11111011
111110111 11111011
111111000 11111100
111111001 11111100
111111010 11111101
111111011 11111101
111111100 11111110
111111101 11111110
111111110 11111111
111111111 11111111
