00000000 000000
00000100 000000
00001000 000000
00001100 000000
00010000 000000
00010100 000000
00011000 000000
00011100 000000
00100000 000000
00100100 000000
00101000 000000
00101100 000000
00110000 001001
00110100 001001
00111000 001001
00111100 001001
01000000 000000
01000100 000000
01001000 000000
01001100 000000
01010000 000000
01010100 000000
01011000 000000
01011100 000000
01100000 010010
01100100 010010
01101000 010010
01101100 010010
01110000 010101
01110100 010101
01111000 010101
01111100 010101
10000000 000000
10000100 000000
10001000 000000
10001100 000000
10010000 000000
10010100 000000
10011000 000000
10011100 000000
10100000 000000
10100100 000000
10101000 000000
10101100 000000
10110000 100001
10110100 100001
10111000 100001
10111100 100001
11000000 100100
11000100 100100
11001000 100100
11001100 100100
11010000 100111
11010100 100111
11011000 100111
11011100 100111
11100000 101010
11100100 101010
11101000 101010
11101100 101010
11110000 101101
11110100 101101
11111000 101101
11111100 101101
00000001 000001
00000101 000101
00001001 001001
00001101 001101
00010001 000010
00010101 000110
00011001 001010
00011101 001110
00100001 000011
00100101 000111
00101001 001011
00101101 001111
00110001 000100
00110101 001000
00111001 001100
00111101 010000
01000001 000101
01000101 001001
01001001 001101
01001101 010001
01010001 000110
01010101 001010
01011001 001110
01011101 010010
01100001 000111
01100101 001011
01101001 001111
01101101 010011
01110001 001000
01110101 001100
01111001 010000
01111101 010100
10000001 001001
10000101 001101
10001001 010001
10001101 010101
10010001 001010
10010101 001110
10011001 010010
10011101 010110
10100001 001011
10100101 001111
10101001 010011
10101101 010111
10110001 001100
10110101 010000
10111001 010100
10111101 011000
11000001 001101
11000101 010001
11001001 010101
11001101 011001
11010001 001110
11010101 010010
11011001 010110
11011101 011010
11100001 001111
11100101 010011
11101001 010111
11101101 011011
11110001 010000
11110101 010100
11111001 011000
11111101 011100
ERROR: line 129
00000010 111111
ERROR: line 130
00000110 111111
ERROR: line 131
00001010 111111
ERROR: line 132
00001110 111111
00010010 000000
00010110 000000
00011010 000000
00011110 000000
00100010 000001
00100110 000001
00101010 000001
00101110 000001
00110010 000010
00110110 000010
00111010 000010
00111110 000010
01000010 000011
01000110 000011
01001010 000011
01001110 000011
01010010 000100
01010110 000100
01011010 000100
01011110 000100
01100010 000101
01100110 000101
01101010 000101
01101110 000101
01110010 000110
01110110 000110
01111010 000110
01111110 000110
10000010 000111
10000110 000111
10001010 000111
10001110 000111
10010010 001000
10010110 001000
10011010 001000
10011110 001000
10100010 001001
10100110 001001
10101010 001001
10101110 001001
10110010 001010
10110110 001010
10111010 001010
10111110 001010
11000010 001011
11000110 001011
11001010 001011
11001110 001011
11010010 001100
11010110 001100
11011010 001100
11011110 001100
11100010 001101
11100110 001101
11101010 001101
11101110 001101
11110010 001110
11110110 001110
11111010 001110
11111110 001110
00000011 000011
00000111 000111
00001011 001011
00001111 001111
00010011 000010
00010111 000110
00011011 001010
00011111 001110
00100011 000001
00100111 000101
00101011 001001
00101111 001101
00110011 000000
00110111 000100
00111011 001000
00111111 001100
01000011 000111
01000111 000011
01001011 001111
01001111 001011
01010011 000110
01010111 000010
01011011 001110
01011111 001010
01100011 000101
01100111 000001
01101011 001101
01101111 001001
01110011 000100
01110111 000000
01111011 001100
01111111 001000
10000011 001011
10000111 001111
10001011 000011
10001111 000111
10010011 001010
10010111 001110
10011011 000010
10011111 000110
10100011 001001
10100111 001101
10101011 000001
10101111 000101
10110011 001000
10110111 001100
10111011 000000
10111111 000100
11000011 001111
11000111 001011
11001011 000111
11001111 000011
11010011 001110
11010111 001010
11011011 000110
11011111 000010
11100011 001101
11100111 001001
11101011 000101
11101111 000001
11110011 001100
11110111 001000
11111011 000100
11111111 000000
